#家具の読み込み
6
Prefabs/Armchair
Prefabs/Armchair
Prefabs/Sofa
Prefabs/CoffeeTable
Prefabs/Tv
Prefabs/DiningFurniture001

#家具セット
3
4	0	1	2	3
1	4
1	5

#Pairwise relationship(pfg)順番は読み込み順(縦横同じ)
0	1	1	1	1	0
1	0	1	1	1	0
1	1	0	1	1	0
1	1	1	0	1	1
1	1	1	1	0	1
0	0	0	1	1	0

#Pairwise relationship(mfg)順番は読み込み順(縦横同じ)
0	1.7	1.6	1.1	1.6	0
1.7	0	1.6	1.1	1.6	0
1.6	1.6	0	1.1	2.2	0
1.1	1.1	1.1	0	1.1	2
1.6	1.6	2.2	1.1	0	1.9
0	0	0	2	1.9	0

#Pairwise relationship(Mfg)順番は読み込み順(縦横同じ)
0	2.3	2.3	1.6	2.3	0
2.3	0	2.3	1.6	2.3	0
2.3	2.3	0	1.9	3.2	0
1.6	1.6	1.9	0	1.9	3
2.3	2.3	3.2	1.9	0	2.5
0	0	0	3	2.5	0

#Conversation(qfg)
0	1	1	1	1	0
1	0	1	1	1	0
1	1	0	1	1	0
1	1	1	0	1	0
1	1	1	1	0	0
0	0	0	0	0	0

#Conversation(mc)
0	2.4	1.7	1.1	1.7	0
2.4	0	1.7	1.1	1.7	0
1.7	1.7	0	1.1	2.4	0
1.1	1.1	1.1	0	1.1	0
1.7	1.7	2.4	1.1	0	0
0	0	0	0	0	0

#Concersation(Mc)
0	3.2	2.3	1.6	2.3	0
3.2	0	2.3	1.6	2.3	0
2.3	2.3	0	1.9	3.2	0
1.6	1.6	1.9	0	1.9	0
2.3	2.3	3.2	1.9	0	0
0	0	0	0	0	0

#wci	wpd	wpa	wcd	wca	wvb	wfa	wwa	wef	wsy(重みの読み込み)
2.0	1.0	1.0	1.0	1.0	1.5	2.5	2.5	4.0	1.0

#windowPath(窓のモデルの読み込み)
Prefabs/window01

#doorPath(ドアのモデルの読み込み)
Prefabs/door00

#テクスチャの読み込み(床)
Texture/floor

#テクスチャの読み込み(壁)
Texture/wall

#壁の高さ
2.8
